study_year <- "2023 / 2024"

stage1_due <- "November 10th 2023"

stage1_words <- 1500

stage2_due <- "December 8th 2023"

stage2_words <- 1500

MCQ_due <- "October 20th 2023"

dataskills1_due <- "November 3rd 2023"

dataskills2_due <- "November 24th 2023"
